-5.775001 7.640926 2.874999 2.54 Baleine 1,4
-5.400000 7.937254 2.799999 5 Baleine 0,2
-5.075000 8.049146 3.074999 5 Baleine 1,3
-4.975000 7.937215 3.499999 5 Baleine 2,4
-5.525000 7.621270 3.375000 3.47 Baleine 0,3,5
-5.725000 7.366436 3.599999 5 Baleine 4,6
-5.525000 7.184968 4.224999 3.04 Baleine 5,7
-5.350000 6.599385 5.274999 3.74 Baleine 6,8,12
-4.600000 6.828938 5.674998 3.60 Baleine 7,9
-4.275000 6.579087 6.199999 3.46 Baleine 8,10
-2.775000 6.736238 6.849998 3.56 Baleine 9,11
-3.825001 5.852084 7.149999 2.04 Baleine 10,12
-5.475000 6.079628 5.750000 3.49 Baleine 11,7
