2.773438 9.565608 0.898438 2.23 Dragon
2.773438 9.592131 0.546875 2.79 Dragon
2.597656 9.642307 0.527344 4.86 Dragon
2.402344 9.678735 0.742188 3.73 Dragon
1.386719 9.853163 0.996094 3.07 Dragon
1.113281 9.879608 1.074219 3.84 Dragon
1.210938 9.911335 0.546875 3.55 Dragon
1.816406 9.832079 0.175781 3.17 Dragon
2.167969 9.760917 -0.156250 2.73 Dragon
2.363281 9.708879 -0.390625 4.01 Dragon
2.226562 9.719167 -0.761719 3.29 Dragon
1.484375 9.819539 -1.171875 3.67 Dragon
0.683594 9.887810 -1.328125 3.85 Dragon
0.332031 9.880690 -1.503906 3.82 Dragon
